3.087503195
-1.200000048
-8.375
17.33750343
-1.200000048
-8.375
3.087503195
-1.200000048
-4.925000191
3.087503195
-1.200000048
-8.375
3.087503195
-1.200000048
-4.925000191
2.397503376
-0.200000003
-8.375
3.087503195
-1.200000048
-8.375
2.397503376
-0.200000003
-8.375
17.33750343
-1.200000048
-8.375
17.33750343
-1.200000048
-4.925000191
17.33750343
5.5
-4.925000191
3.087503195
-1.200000048
-4.925000191
17.33750343
-1.200000048
-4.925000191
3.087503195
-1.200000048
-4.925000191
17.33750343
-1.200000048
-8.375
17.33750343
-1.200000048
-4.925000191
17.33750343
-1.200000048
-8.375
17.33750343
5.5
-4.925000191
3.087503195
5.5
-4.925000191
3.087503195
-1.200000048
-4.925000191
17.33750343
5.5
-4.925000191
17.33750343
5.5
-8.375
17.33750343
-1.200000048
-8.375
2.397503376
-0.200000003
-8.375
17.33750343
5.5
-8.375
3.087503195
5.5
-4.925000191
17.33750343
5.5
-4.925000191
17.33750343
5.5
-8.375
17.33750343
5.5
-4.925000191
17.33750343
-1.200000048
-8.375
2.397503376
-0.200000003
-4.925000191
3.087503195
-1.200000048
-4.925000191
3.087503195
5.5
-4.925000191
2.397503376
-0.200000003
-4.925000191
2.397503376
-0.200000003
-8.375
3.087503195
-1.200000048
-4.925000191
3.087503195
5.5
-8.375
3.087503195
5.5
-4.925000191
17.33750343
5.5
-8.375
3.087503195
5.5
-8.375
17.33750343
5.5
-8.375
2.397503376
-0.200000003
-8.375
2.397503376
0
-7.050000191
2.397503376
-0.200000003
-8.375
2.397503376
-0.200000003
-4.925000191
2.397503376
0
-7.050000191
3.087503195
5.5
-4.925000191
3.087503195
5.5
-8.375
2.397503376
-0.100000001
-4.925000191
2.397503376
0
-7.050000191
2.397503376
-0.200000003
-4.925000191
2.397503376
-0.100000001
-4.925000191
2.397503376
-0.200000003
-4.925000191
3.087503195
5.5
-4.925000191
2.397503376
-0.100000001
-8.375
2.397503376
-0.200000003
-8.375
2.397503376
0
-7.050000191
2.397503376
-0.100000001
-8.375
2.397503376
0
-7.050000191
3.087503195
5.5
-8.375
2.397503376
-0.100000001
-8.375
3.087503195
5.5
-8.375
2.397503376
-0.200000003
-8.375
2.397503376
0
-6.25
2.397503376
0
-7.050000191
2.397503376
-0.100000001
-4.925000191
2.397503376
0
-6.25
2.397503376
-0.100000001
-4.925000191
3.087503195
5.5
-4.925000191
2.397503376
0
-6.25
3.087503195
5.5
-4.925000191
2.397503376
0
-7.050000191

